#共有30阶固有频率(Hz)。后三列分别是密度(kg/m3)，弹性模量(GPa)和转速(r/min) 
   6060.70    11384.00    11576.00    11576.00    11864.00    11864.00    12299.00    12516.00    12920.00    12920.00    12980.00    12980.00    13284.00    13351.00    13351.00    14058.00    14058.00    14207.00    14958.00    14958.00    14980.00    14980.00    15075.00    15076.00    15125.00    15125.00    15260.00    15367.00    15367.00    15451.00  7.281907849369133146e+03 1.638315977378787238e+02 1.589176852239653454e+04 
   5881.30    11050.00    11235.00    11235.00    11517.00    11517.00    11937.00    12151.00    12542.00    12542.00    12598.00    12598.00    12894.00    12959.00    12959.00    13647.00    13647.00    13790.00    14520.00    14520.00    14545.00    14545.00    14634.00    14638.00    14685.00    14685.00    14814.00    14919.00    14919.00    15001.00  7.492850697225012482e+03 1.587151231439099206e+02 1.695462566525367947e+04 
   5886.00    11061.00    11244.00    11244.00    11528.00    11528.00    11948.00    12164.00    12556.00    12556.00    12610.00    12610.00    12907.00    12971.00    12971.00    13661.00    13661.00    13803.00    14535.00    14535.00    14562.00    14562.00    14648.00    14656.00    14701.00    14701.00    14830.00    14936.00    14936.00    15018.00  7.962564982939298716e+03 1.689047219045187376e+02 1.801748280811082077e+04 
   5786.10    10877.00    11055.00    11055.00    11336.00    11336.00    11748.00    11962.00    12347.00    12347.00    12398.00    12398.00    12691.00    12753.00    12753.00    13433.00    13433.00    13572.00    14294.00    14294.00    14323.00    14323.00    14404.00    14416.00    14459.00    14459.00    14584.00    14690.00    14690.00    14771.00  8.295600750090277870e+03 1.700116374296242157e+02 1.908033995096796571e+04 
   5569.40    10475.00    10642.00    10642.00    10917.00    10917.00    11311.00    11521.00    11892.00    11892.00    11937.00    11937.00    12221.00    12280.00    12280.00    12937.00    12937.00    13068.00    13766.00    13766.00    13799.00    13799.00    13872.00    13888.00    13928.00    13928.00    14046.00    14150.00    14150.00    14228.00  8.528011578490859392e+03 1.618840248546892155e+02 2.014319709382510700e+04 
   5795.20    10900.00    11074.00    11074.00    11360.00    11360.00    11770.00    11989.00    12375.00    12375.00    12421.00    12421.00    12717.00    12778.00    12778.00    13462.00    13462.00    13598.00    14325.00    14325.00    14360.00    14360.00    14435.00    14452.00    14493.00    14493.00    14616.00    14725.00    14725.00    14806.00  9.371707840082155599e+03 1.926046660010527773e+02 2.120605423668224830e+04 
   5210.60     9810.90     9960.10     9960.10    10226.00    10226.00    10590.00    10794.00    11141.00    11141.00    11175.00    11175.00    11445.00    11497.00    11497.00    12118.00    12118.00    12236.00    12896.00    12896.00    12935.00    12935.00    12993.00    13017.00    13053.00    13053.00    13160.00    13261.00    13261.00    13334.00  9.630479277940561587e+03 1.599105463778581111e+02 2.226891137953939324e+04 
   6676.50    12537.00    12751.00    12751.00    13066.00    13066.00    13546.00    13784.00    14228.00    14228.00    14297.00    14297.00    14630.00    14705.00    14705.00    15482.00    15482.00    15647.00    16473.00    16473.00    16495.00    16495.00    16600.00    16602.00    16656.00    16656.00    16805.00    16922.00    16922.00    17014.00  6.599448184992284041e+03 1.802012361902330326e+02 1.599591507970099701e+04 
   6383.30    11990.00    12193.00    12193.00    12496.00    12496.00    12954.00    13184.00    13609.00    13609.00    13671.00    13671.00    13992.00    14062.00    14062.00    14807.00    14807.00    14964.00    15755.00    15755.00    15779.00    15779.00    15878.00    15881.00    15932.00    15932.00    16073.00    16186.00    16186.00    16275.00  6.939481913986647669e+03 1.731805391404034822e+02 1.705877222255813831e+04 
   6978.70    13107.00    13329.00    13329.00    13660.00    13660.00    14161.00    14411.00    14876.00    14876.00    14945.00    14945.00    15295.00    15373.00    15373.00    16187.00    16187.00    16358.00    17222.00    17222.00    17248.00    17248.00    17357.00    17359.00    17415.00    17415.00    17570.00    17694.00    17694.00    17790.00  6.731212582923406444e+03 2.007823944500998437e+02 1.812162936541528325e+04 
   6081.00    11429.00    11617.00    11617.00    11912.00    11912.00    12345.00    12568.00    12974.00    12974.00    13028.00    13028.00    13336.00    13402.00    13402.00    14115.00    14115.00    14261.00    15019.00    15019.00    15048.00    15048.00    15135.00    15145.00    15191.00    15191.00    15323.00    15434.00    15434.00    15519.00  8.008591042135140924e+03 1.813081517153384823e+02 1.918448650827242454e+04 
   6642.60    12483.00    12689.00    12689.00    13010.00    13010.00    13484.00    13726.00    14169.00    14169.00    14230.00    14230.00    14565.00    14637.00    14637.00    15416.00    15416.00    15576.00    16403.00    16403.00    16433.00    16433.00    16530.00    16540.00    16590.00    16590.00    16735.00    16856.00    16856.00    16948.00  8.221336420797704704e+03 2.221002082167566698e+02 2.024734365112956948e+04 
   5643.00    10616.00    10784.00    10784.00    11064.00    11064.00    11462.00    11677.00    12053.00    12053.00    12096.00    12096.00    12385.00    12444.00    12444.00    13111.00    13111.00    13243.00    13952.00    13952.00    13987.00    13987.00    14058.00    14077.00    14117.00    14117.00    14236.00    14343.00    14343.00    14422.00  9.079784011494835795e+03 1.769141510738995180e+02 2.131020079398671078e+04 
   5448.30    10235.00    10407.00    10407.00    10667.00    10667.00    11057.00    11253.00    11616.00    11616.00    11669.00    11669.00    11943.00    12003.00    12003.00    12639.00    12639.00    12773.00    13448.00    13448.00    13470.00    13470.00    13554.00    13556.00    13600.00    13600.00    13720.00    13817.00    13817.00    13893.00  9.417733899277998717e+03 1.712070606635724062e+02 1.493305793684385389e+04 
   6440.50    12099.00    12302.00    12302.00    12609.00    12609.00    13071.00    13303.00    13732.00    13732.00    13795.00    13795.00    14118.00    14189.00    14189.00    14941.00    14941.00    15099.00    15898.00    15898.00    15923.00    15923.00    16022.00    16026.00    16077.00    16077.00    16219.00    16334.00    16334.00    16424.00  7.409196199700932993e+03 1.882106653596138131e+02 1.782819160933370586e+04 
   5737.30    10785.00    10961.00    10961.00    11241.00    11241.00    11649.00    11861.00    12243.00    12243.00    12293.00    12293.00    12584.00    12646.00    12646.00    13320.00    13320.00    13457.00    14173.00    14173.00    14202.00    14202.00    14283.00    14294.00    14337.00    14337.00    14461.00    14566.00    14566.00    14646.00  8.691050706511990938e+03 1.751281120235930189e+02 1.889104875219085079e+04 
   6703.60    12596.00    12806.00    12806.00    13128.00    13128.00    13607.00    13851.00    14298.00    14298.00    14360.00    14360.00    14698.00    14771.00    14771.00    15556.00    15556.00    15718.00    16552.00    16552.00    16582.00    16582.00    16681.00    16689.00    16740.00    16740.00    16887.00    17008.00    17008.00    17101.00  6.886457892947420987e+03 1.894858801643855486e+02 1.995390589504799209e+04 
   6186.60    11632.00    11821.00    11821.00    12123.00    12123.00    12562.00    12792.00    13205.00    13205.00    13257.00    13257.00    13572.00    13638.00    13638.00    14366.00    14366.00    14513.00    15286.00    15286.00    15319.00    15319.00    15404.00    15418.00    15463.00    15463.00    15596.00    15711.00    15711.00    15797.00  7.069162470706569366e+03 1.656176367881852514e+02 2.101676303790513703e+04 
   6268.70    11788.00    11978.00    11978.00    12286.00    12286.00    12730.00    12965.00    13382.00    13382.00    13434.00    13434.00    13753.00    13820.00    13820.00    14559.00    14559.00    14707.00    15492.00    15492.00    15527.00    15527.00    15610.00    15627.00    15672.00    15672.00    15806.00    15923.00    15923.00    16011.00  8.818339056843789876e+03 2.120789087358141387e+02 2.207962018076227832e+04 
   6004.50    11278.00    11469.00    11469.00    11754.00    11754.00    12185.00    12400.00    12800.00    12800.00    12859.00    12859.00    13160.00    13227.00    13227.00    13927.00    13927.00    14075.00    14818.00    14818.00    14841.00    14841.00    14935.00    14936.00    14985.00    14985.00    15118.00    15224.00    15224.00    15308.00  9.288053342558076110e+03 2.050966035207152629e+02 1.570247732361942144e+04 
   6045.10    11356.00    11547.00    11547.00    11835.00    11835.00    12268.00    12487.00    12889.00    12889.00    12948.00    12948.00    13251.00    13318.00    13318.00    14024.00    14024.00    14172.00    14922.00    14922.00    14946.00    14946.00    15038.00    15042.00    15090.00    15090.00    15223.00    15332.00    15332.00    15416.00  9.757767628272362344e+03 2.183665962832606340e+02 1.676533446647656456e+04 
   6728.60    12640.00    12852.00    12852.00    13173.00    13173.00    13655.00    13898.00    14346.00    14346.00    14411.00    14411.00    14750.00    14824.00    14824.00    15610.00    15610.00    15774.00    16609.00    16609.00    16636.00    16636.00    16739.00    16743.00    16796.00    16796.00    16944.00    17065.00    17065.00    17158.00  7.538876756420855600e+03 2.090176548807358472e+02 1.860302401786341943e+04 
   6300.70    11841.00    12037.00    12037.00    12342.00    12342.00    12791.00    13022.00    13441.00    13441.00    13499.00    13499.00    13817.00    13885.00    13885.00    14624.00    14624.00    14776.00    15561.00    15561.00    15590.00    15590.00    15681.00    15691.00    15739.00    15739.00    15876.00    15991.00    15991.00    16078.00  7.878910485415219227e+03 1.914977504759472993e+02 1.966588116072056073e+04 
   6128.20    11521.00    11709.00    11709.00    12008.00    12008.00    12443.00    12671.00    13079.00    13079.00    13132.00    13132.00    13443.00    13508.00    13508.00    14229.00    14229.00    14375.00    15141.00    15141.00    15173.00    15173.00    15258.00    15271.00    15316.00    15316.00    15448.00    15561.00    15561.00    15647.00  7.751622135083418470e+03 1.781893658786712535e+02 2.072873830357770566e+04 
   5962.90    11215.00    11394.00    11394.00    11689.00    11689.00    12111.00    12336.00    12733.00    12733.00    12781.00    12781.00    13085.00    13148.00    13148.00    13852.00    13852.00    13992.00    14740.00    14740.00    14775.00    14775.00    14852.00    14870.00    14913.00    14913.00    15039.00    15151.00    15151.00    15235.00  8.478305327849426249e+03 1.844770534261177772e+02 2.179159544643484696e+04 
   6246.10    11730.00    11930.00    11930.00    12225.00    12225.00    12674.00    12896.00    13312.00    13312.00    13376.00    13376.00    13688.00    13758.00    13758.00    14485.00    14485.00    14639.00    15412.00    15412.00    15433.00    15433.00    15533.00    15533.00    15584.00    15584.00    15723.00    15833.00    15833.00    15920.00  8.348624771129505461e+03 1.995071796453281081e+02 1.541445258929199008e+04 
   5764.80    10831.00    11012.00    11012.00    11288.00    11288.00    11700.00    11909.00    12293.00    12293.00    12348.00    12348.00    12638.00    12701.00    12701.00    13375.00    13375.00    13516.00    14232.00    14232.00    14256.00    14256.00    14343.00    14347.00    14393.00    14393.00    14519.00    14623.00    14623.00    14703.00  9.160764992226275353e+03 1.864246263093072855e+02 1.647730973214913320e+04 
   5542.30    10417.00    10588.00    10588.00    10857.00    10857.00    11252.00    11455.00    11824.00    11824.00    11874.00    11874.00    12155.00    12214.00    12214.00    12865.00    12865.00    12998.00    13689.00    13689.00    13715.00    13715.00    13795.00    13804.00    13846.00    13846.00    13966.00    14067.00    14067.00    14144.00  9.704743607233136572e+03 1.825035749492867012e+02 1.754016687500627449e+04 
   7163.70    13456.00    13683.00    13683.00    14024.00    14024.00    14538.00    14796.00    15273.00    15273.00    15343.00    15343.00    15703.00    15781.00    15781.00    16618.00    16618.00    16793.00    17681.00    17681.00    17710.00    17710.00    17820.00    17824.00    17880.00    17880.00    18039.00    18166.00    18166.00    18266.00  6.812193563654847821e+03 2.140907790473758610e+02 1.948263952548883390e+04 
   6800.50    12779.00    12991.00    12991.00    13319.00    13319.00    13804.00    14052.00    14505.00    14505.00    14568.00    14568.00    14911.00    14985.00    14985.00    15782.00    15782.00    15946.00    16792.00    16792.00    16823.00    16823.00    16923.00    16932.00    16984.00    16984.00    17132.00    17256.00    17256.00    17350.00  7.200926868637692678e+03 2.039011802867670440e+02 2.054549666834597883e+04 
   6524.20    12265.00    12465.00    12465.00    12783.00    12783.00    13246.00    13488.00    13923.00    13923.00    13980.00    13980.00    14310.00    14380.00    14380.00    15147.00    15147.00    15303.00    16117.00    16117.00    16151.00    16151.00    16242.00    16255.00    16303.00    16303.00    16444.00    16564.00    16564.00    16655.00  7.588583007062288743e+03 1.977211405950215806e+02 2.160835381120312013e+04 
   6234.30    11707.00    11907.00    11907.00    12201.00    12201.00    12649.00    12871.00    13287.00    13287.00    13350.00    13350.00    13662.00    13731.00    13731.00    14458.00    14458.00    14611.00    15382.00    15382.00    15404.00    15404.00    15502.00    15503.00    15554.00    15554.00    15693.00    15802.00    15802.00    15889.00  8.140355440066263327e+03 1.938000892350009963e+02 1.523121095406026325e+04 
   6039.00    11344.00    11535.00    11535.00    11822.00    11822.00    12255.00    12473.00    12875.00    12875.00    12934.00    12934.00    13237.00    13304.00    13304.00    14009.00    14009.00    14157.00    14905.00    14905.00    14929.00    14929.00    15022.00    15025.00    15073.00    15073.00    15206.00    15314.00    15314.00    15398.00  8.765315035804564104e+03 1.957735677118320723e+02 1.629406809691740636e+04 
   6163.20    11578.00    11773.00    11773.00    12067.00    12067.00    12508.00    12731.00    13142.00    13142.00    13201.00    13201.00    13511.00    13579.00    13579.00    14299.00    14299.00    14449.00    15214.00    15214.00    15239.00    15239.00    15333.00    15338.00    15386.00    15386.00    15522.00    15632.00    15632.00    15718.00  8.901993554367869365e+03 2.070700819975463673e+02 1.735692523977454766e+04 
   6066.80    11400.00    11589.00    11589.00    11882.00    11882.00    12315.00    12536.00    12941.00    12941.00    12997.00    12997.00    13303.00    13369.00    13369.00    14079.00    14079.00    14226.00    14981.00    14981.00    15009.00    15009.00    15097.00    15105.00    15152.00    15152.00    15284.00    15394.00    15394.00    15479.00  9.549498297209120210e+03 2.151976945724813390e+02 1.841978238263169260e+04 
   6759.10    12702.00    12912.00    12912.00    13239.00    13239.00    13721.00    13968.00    14418.00    14418.00    14480.00    14480.00    14821.00    14895.00    14895.00    15687.00    15687.00    15850.00    16692.00    16692.00    16723.00    16723.00    16821.00    16831.00    16882.00    16882.00    17030.00    17153.00    17153.00    17247.00  8.058297292776574068e+03 2.253872933330901560e+02 2.089678167642951303e+04 
   7249.20    13622.00    13848.00    13848.00    14197.00    14197.00    14715.00    14979.00    15462.00    15462.00    15530.00    15530.00    15895.00    15974.00    15974.00    16823.00    16823.00    16998.00    17900.00    17900.00    17933.00    17933.00    18039.00    18049.00    18104.00    18104.00    18263.00    18394.00    18394.00    18495.00  7.356172178661707221e+03 2.366838076188044511e+02 2.195963881928665796e+04 
   6631.30    12451.00    12665.00    12665.00    12977.00    12977.00    13454.00    13689.00    14131.00    14131.00    14199.00    14199.00    14531.00    14605.00    14605.00    15376.00    15376.00    15541.00    16360.00    16360.00    16381.00    16381.00    16486.00    16489.00    16541.00    16541.00    16690.00    16806.00    16806.00    16898.00  7.825886464375992546e+03 2.108036939310424032e+02 1.558249596214379926e+04 
   6531.30    12266.00    12475.00    12475.00    12784.00    12784.00    13253.00    13486.00    13921.00    13921.00    13987.00    13987.00    14314.00    14387.00    14387.00    15148.00    15148.00    15309.00    16117.00    16117.00    16141.00    16141.00    16244.00    16244.00    16297.00    16297.00    16442.00    16558.00    16558.00    16649.00  8.432279268653583131e+03 2.203141691664501423e+02 1.664535310500094420e+04 
   7157.40    13441.00    13670.00    13670.00    14008.00    14008.00    14523.00    14778.00    15254.00    15254.00    15327.00    15327.00    15685.00    15765.00    15765.00    16599.00    16599.00    16775.00    17660.00    17660.00    17685.00    17685.00    17799.00    17799.00    17857.00    17857.00    18017.00    18143.00    18143.00    18242.00  7.118868721348002509e+03 2.233754230215284053e+02 1.770821024785808549e+04 
   6373.00    11974.00    12174.00    12174.00    12480.00    12480.00    12935.00    13167.00    13592.00    13592.00    13652.00    13652.00    13973.00    14042.00    14042.00    14788.00    14788.00    14943.00    15735.00    15735.00    15763.00    15763.00    15857.00    15864.00    15914.00    15914.00    16053.00    16168.00    16168.00    16257.00  9.235029321518850338e+03 2.296631105689749290e+02 1.877106739071523043e+04 
   5802.30    10909.00    11086.00    11086.00    11370.00    11370.00    11782.00    11998.00    12384.00    12384.00    12434.00    12434.00    12728.00    12790.00    12790.00    13473.00    13473.00    13611.00    14337.00    14337.00    14368.00    14368.00    14447.00    14461.00    14503.00    14503.00    14627.00    14735.00    14735.00    14816.00  9.841422125796441833e+03 2.027942647616615943e+02 1.983392453357237173e+04 
   7290.40    13698.00    13926.00    13926.00    14276.00    14276.00    14798.00    15063.00    15548.00    15548.00    15617.00    15617.00    15984.00    16064.00    16064.00    16917.00    16917.00    17094.00    18000.00    18000.00    18032.00    18032.00    18140.00    18148.00    18204.00    18204.00    18364.00    18496.00    18496.00    18597.00  6.649154435633717185e+03 2.163931178064295580e+02 2.142267479178849317e+04 
   7255.30    13619.00    13855.00    13855.00    14194.00    14194.00    14718.00    14972.00    15455.00    15455.00    15533.00    15533.00    15894.00    15976.00    15976.00    16818.00    16818.00    17000.00    17894.00    17894.00    17914.00    17914.00    18029.00    18036.00    18091.00    18091.00    18254.00    18380.00    18380.00    18481.00  7.023136411510727157e+03 2.264942088581956341e+02 1.504553193464563628e+04 
   7067.00    13268.00    13496.00    13496.00    13828.00    13828.00    14337.00    14587.00    15058.00    15058.00    15132.00    15132.00    15484.00    15563.00    15563.00    16385.00    16385.00    16561.00    17433.00    17433.00    17456.00    17456.00    17567.00    17571.00    17626.00    17626.00    17785.00    17908.00    17908.00    18006.00  7.670641154351978003e+03 2.346719373072427004e+02 1.610838907750277940e+04 
   6627.30    12447.00    12658.00    12658.00    12972.00    12972.00    13448.00    13685.00    14127.00    14127.00    14193.00    14193.00    14525.00    14598.00    14598.00    15371.00    15371.00    15534.00    16355.00    16355.00    16379.00    16379.00    16483.00    16485.00    16538.00    16538.00    16685.00    16803.00    16803.00    16895.00  8.610069725780549561e+03 2.316106834521644373e+02 1.717124622035992434e+04 
   5519.80    10377.00    10546.00    10546.00    10815.00    10815.00    11207.00    11412.00    11779.00    11779.00    11828.00    11828.00    12107.00    12167.00    12167.00    12815.00    12815.00    12947.00    13636.00    13636.00    13664.00    13664.00    13742.00    13753.00    13794.00    13794.00    13913.00    14014.00    14014.00    14091.00  8.948019613563712483e+03 1.668928515929569585e+02 1.823410336321706563e+04 
   6508.80    12230.00    12433.00    12433.00    12746.00    12746.00    13211.00    13448.00    13882.00    13882.00    13943.00    13943.00    14271.00    14342.00    14342.00    15104.00    15104.00    15261.00    16071.00    16071.00    16099.00    16099.00    16196.00    16203.00    16253.00    16253.00    16396.00    16514.00    16514.00    16604.00  8.997725864205145626e+03 2.333967225024709649e+02 1.929696050607420693e+04 
   6268.00    11782.00    11975.00    11975.00    12279.00    12279.00    12725.00    12957.00    13374.00    13374.00    13430.00    13430.00    13747.00    13814.00    13814.00    14551.00    14551.00    14701.00    15483.00    15483.00    15514.00    15514.00    15602.00    15614.00    15661.00    15661.00    15796.00    15912.00    15912.00    15999.00  9.467440149919431860e+03 2.276896320921438530e+02 2.035981764893135187e+04 
